178 44
299 44
80 44
97 44
70 45
76 45
81 45
98 45
72 46
78 46
84 46
79 47
87 47
192 47
89 48
90 49
91 50
203 10
104 10
227 10
351 10
14 10
23 10
258 10
168 10
185 10
193 10
108 10
354 10
131 10
328 11
100 11
244 11
273 11
160 11
82 11
307 11
321 11
211 12
105 12
228 12
359 12
13 12
245 12
176 12
75 12
340 12
345 12
117 12
157 12
302 13
326 13
208 13
361 13
28 13
343 13
229 13
114 13
128 13
167 13
195 13
300 14
320 14
346 14
256 14
138 14
41 14
285 14
99 14
212 14
338 14
20 14
255 14
268 14
288 14
60 14
3 15
216 15
219 15
119 15
362 15
27 15
148 15
331 15
122 15
263 15
175 15
327 16
339 16
106 16
355 16
378 16
144 16
8 16
109 16
356 16
135 16
32 16
261 16
306 17
319 17
154 17
297 17
139 17
276 17
52 17
282 17
201 18
220 18
230 18
236 18
241 18
137 18
54 18
165 18
196 18
214 18
358 18
12 18
243 18
318 19
209 19
115 19
132 19
34 19
140 19
270 19
308 19
334 19
43 19
69 19
92 19
5 1
303 1
200 1
332 1
335 1
272 1
6 2
309 2
323 2
120 2
382 2
186 2
83 2
217 2
198 2
313 3
204 3
342 3
112 3
10 3
383 3
44 3
293 3
188 3
1 4
317 4
222 4
357 4
15 4
249 4
134 4
156 4
63 4
314 4
65 4
9 5
305 5
213 5
225 5
136 5
51 5
287 5
2 5
113 5
40 5
93 5
7 6
324 6
206 6
215 6
111 6
133 6
187 6
194 6
22 6
381 6
271 6
73 6
4 7
330 7
210 7
126 7
379 7
141 7
265 7
162 7
169 7
26 7
143 7
301 8
315 8
207 8
235 8
360 8
158 8
172 8
223 8
380 8
266 8
311 9
202 9
221 9
101 9
142 9
284 9
322 9
278 9
85 9
310 20
312 20
316 20
107 20
246 20
57 20
173 20
86 20
333 20
344 20
53 20
58 20
183 20
304 21
325 21
336 21
341 21
352 21
232 21
353 21
116 21
48 21
164 21
205 22
329 22
218 22
224 22
350 22
118 22
17 22
267 22
55 22
289 22
67 22
337 23
102 23
110 23
239 23
16 23
363 23
33 23
146 23
159 23
190 23
103 24
226 24
347 24
18 24
123 24
275 24
277 24
50 24
281 24
61 24
348 25
231 25
11 25
121 25
24 25
37 25
262 25
163 25
291 25
349 26
240 26
25 26
147 26
269 26
45 26
56 26
161 26
290 26
233 27
237 27
124 27
149 27
153 27
234 28
238 28
376 28
171 28
96 28
19 29
242 29
365 29
36 29
166 29
64 29
364 30
366 30
367 30
247 30
125 31
21 31
372 31
257 31
279 31
179 31
368 32
248 32
29 32
130 32
47 32
68 32
292 32
174 32
71 32
189 32
88 32
127 33
369 33
30 33
152 33
170 33
129 34
370 34
254 34
259 34
181 34
250 35
373 35
384 35
385 35
180 35
371 36
374 36
375 36
251 37
377 37
155 37
283 37
95 37
252 38
31 38
38 38
264 38
145 38
59 38
253 39
35 39
150 39
274 39
280 39
66 39
177 39
74 39
39 40
151 40
62 40
296 40
199 40
260 41
286 41
294 41
182 41
42 42
49 42
295 42
77 42
197 42
46 43
298 43
184 43
191 43
94 43
